[gd_scene load_steps=2 format=3 uid="uid://cujpmyew56snb"]

[ext_resource type="PackedScene" uid="uid://dutl6qahsst3a" path="res://models/FighterPlane.glb" id="1_4ebgp"]

[node name="FighterPlane" instance=ExtResource("1_4ebgp")]

[node name="PlaneTip" parent="." index="0"]
transform = Transform3D(0.1266828, 0, 0, 0, -5.537481e-09, -0.1266828, 0, 0.1266828, -5.537481e-09, -0.0031650064, 0.9068803, 1.7741454)

[node name="Propeller1" parent="." index="1"]
transform = Transform3D(0.9848077, 0.17364818, -7.590403e-09, 0, -4.371139e-08, -1, -0.17364818, 0.9848077, -4.304731e-08, -0.0031650064, 1.0619494, 1.7884669)

[node name="Propeller3" parent="." index="2"]
transform = Transform3D(-0.49240392, 0.086824074, -0.8660254, -0.8528686, 0.15038379, 0.5, 0.17364822, 0.98480785, -3.7855173e-08, 0.11228115, 0.8695791, 1.7884669)

[node name="Propeller2" parent="." index="3"]
transform = Transform3D(-0.4924038, 0.086824134, 0.8660253, 0.8528684, -0.15038373, 0.49999997, 0.1736482, 0.98480767, -3.785517e-08, -0.1120395, 0.86578494, 1.7884669)
